0.02195 0.03595 0.02621 0.01830 0.03047 -0.02124 -0.02063 -0.02124 -0.02002 -0.02489 -0.02489 
0.02670 0.02740 0.03509 0.01411 0.03789 -0.02015 -0.02295 -0.02365 -0.02085 -0.02714 -0.02644 
0.03067 0.03140 0.03140 0.01168 0.03870 -0.02117 -0.02336 -0.02263 -0.02190 -0.02774 -0.02701 
0.03519 0.01964 0.03441 0.01887 0.04063 -0.02155 -0.02311 -0.02233 -0.02466 -0.02855 -0.02855 
0.02973 0.02772 0.03376 0.01294 0.03444 -0.02131 -0.02064 -0.02131 -0.02198 -0.02735 -0.02601 
0.02897 0.02530 0.03117 0.02530 0.03631 -0.02169 -0.02169 -0.02316 -0.02243 -0.02904 -0.02904 
0.02847 0.02378 0.02980 0.02311 0.03516 -0.02238 -0.02238 -0.02038 -0.02105 -0.02707 -0.02707 
0.03293 0.02312 0.03142 0.02161 0.03896 -0.02216 -0.02366 -0.02140 -0.02291 -0.02895 -0.02895 
0.02454 0.03369 0.02912 0.01670 0.03369 -0.02252 -0.01991 -0.02121 -0.02252 -0.02579 -0.02579 
0.02935 0.02665 0.02395 0.02598 0.03543 -0.02198 -0.02266 -0.02198 -0.02198 -0.02671 -0.02604 
0.02773 0.02704 0.03533 0.01324 0.03671 -0.02058 -0.02127 -0.02196 -0.02127 -0.02748 -0.02748 
0.03076 0.02435 0.03148 0.02222 0.03575 -0.02053 -0.02338 -0.02053 -0.02481 -0.02766 -0.02766 
0.02638 0.03364 0.02968 0.01649 0.03232 -0.01979 -0.02242 -0.02111 -0.02308 -0.02638 -0.02572 
0.02519 0.02040 0.03135 0.03135 0.03340 -0.02065 -0.02134 -0.02202 -0.02271 -0.02750 -0.02750 
0.03156 0.03007 0.03455 0.01513 0.03529 -0.02145 -0.02145 -0.02294 -0.02294 -0.02891 -0.02891 
0.02718 0.02981 0.02981 0.02256 0.03047 -0.02100 -0.02364 -0.02034 -0.02100 -0.02694 -0.02694 
0.02360 0.03409 0.02491 0.02491 0.03147 -0.02360 -0.02163 -0.02032 -0.02032 -0.02688 -0.02622 
0.02760 0.02760 0.03144 0.01927 0.03144 -0.02044 -0.02172 -0.02172 -0.02172 -0.02556 -0.02620 
0.02316 0.03504 0.03108 0.01722 0.03174 -0.02040 -0.02238 -0.01974 -0.02304 -0.02634 -0.02634 
0.02851 0.02784 0.03119 0.02047 0.03253 -0.02376 -0.02041 -0.02041 -0.02242 -0.02711 -0.02644 
0.02705 0.02851 0.03508 0.02122 0.03435 -0.02327 -0.02109 -0.02109 -0.02400 -0.02838 -0.02838 
0.02730 0.02067 0.03539 0.02435 0.03834 -0.02348 -0.02348 -0.02054 -0.02201 -0.02790 -0.02863 
0.03103 0.01599 0.03404 0.02351 0.04156 -0.02310 -0.02085 -0.02160 -0.02385 -0.02837 -0.02837 
0.02706 0.02906 0.03372 0.01508 0.03372 -0.02089 -0.02155 -0.02089 -0.02155 -0.02688 -0.02688 
0.02374 0.03054 0.03122 0.02034 0.03530 -0.02318 -0.02250 -0.01978 -0.02318 -0.02658 -0.02590 
0.03205 0.01281 0.03744 0.02513 0.03975 -0.02492 -0.02261 -0.02107 -0.02184 -0.02876 -0.02799 
0.02811 0.02811 0.03280 0.01740 0.03347 -0.02209 -0.02075 -0.02209 -0.02343 -0.02610 -0.02544 
0.02874 0.01910 0.03288 0.02461 0.03632 -0.02223 -0.02154 -0.02154 -0.02223 -0.02705 -0.02705 
0.02752 0.02811 0.02752 0.01997 0.02811 -0.01897 -0.02071 -0.02071 -0.02129 -0.02478 -0.02478 
0.02848 0.02975 0.02658 0.01960 0.03229 -0.02099 -0.01972 -0.02162 -0.02289 -0.02606 -0.02543 
0.03377 0.03305 0.03305 -0.02371 0.04095 -0.01724 -0.01653 -0.01653 -0.02012 -0.02371 -0.02299 
0.03080 0.02395 0.03080 0.01848 0.03696 -0.01985 -0.02327 -0.02190 -0.02259 -0.02669 -0.02669 
0.02711 0.03385 0.02711 0.01834 0.03385 -0.02146 -0.02146 -0.02146 -0.02146 -0.02754 -0.02686 
0.02939 0.02047 0.03087 0.02641 0.03979 -0.02040 -0.02189 -0.02337 -0.02412 -0.02783 -0.02932 
0.03037 0.03037 0.03245 0.01096 0.03591 -0.02230 -0.02092 -0.02022 -0.02230 -0.02716 -0.02716 
0.02692 0.02767 0.03592 0.01643 0.03967 -0.02331 -0.02256 -0.02406 -0.02106 -0.02856 -0.02706 
0.02959 0.02761 0.03289 0.01441 0.03355 -0.02059 -0.02125 -0.02125 -0.02257 -0.02653 -0.02587 
0.02426 0.02560 0.02893 0.02960 0.03227 -0.02111 -0.02244 -0.02044 -0.02244 -0.02711 -0.02711 
0.02877 0.03096 0.03461 0.01419 0.03607 -0.02228 -0.02082 -0.02301 -0.02228 -0.02811 -0.02811 
0.02648 0.02648 0.03159 0.02264 0.03031 -0.02015 -0.02143 -0.02015 -0.02270 -0.02653 -0.02653 
0.02875 0.03343 0.03142 0.01070 0.03343 -0.02139 -0.02139 -0.02206 -0.02072 -0.02607 -0.02607 
0.02790 0.02790 0.02927 0.02173 0.03543 -0.02279 -0.02142 -0.02348 -0.02211 -0.02690 -0.02553 
0.03232 0.01949 0.03307 0.02175 0.04062 -0.02203 -0.02354 -0.02203 -0.02278 -0.02882 -0.02806 
0.02979 0.02173 0.03315 0.02173 0.03382 -0.02192 -0.02259 -0.02192 -0.02057 -0.02729 -0.02595 
0.02846 0.02388 0.03108 0.02650 0.02977 -0.02197 -0.02197 -0.02132 -0.02328 -0.02590 -0.02525 
0.02725 0.02654 0.03577 0.01731 0.03648 -0.02034 -0.02318 -0.02318 -0.02318 -0.02744 -0.02602 
0.02694 0.02493 0.02961 0.02560 0.03362 -0.02055 -0.02323 -0.02055 -0.02189 -0.02724 -0.02724 
0.02623 0.03535 0.02753 0.01516 0.03274 -0.02197 -0.02197 -0.01936 -0.02131 -0.02587 -0.02652 
0.03184 0.02614 0.03113 0.01900 0.03613 -0.02095 -0.02309 -0.02095 -0.02380 -0.02808 -0.02737 
0.02494 0.03017 0.03148 0.01643 0.03476 -0.02285 -0.01958 -0.02089 -0.02220 -0.02613 -0.02613 
0.02654 0.03441 0.02785 0.01867 0.03113 -0.02070 -0.02135 -0.02266 -0.02135 -0.02660 -0.02594 
0.02948 0.02877 0.03516 0.01529 0.03445 -0.02303 -0.02161 -0.02161 -0.02232 -0.02729 -0.02729 
0.03325 0.02345 0.03551 0.01741 0.03777 -0.02406 -0.02331 -0.02105 -0.02482 -0.02783 -0.02632 
0.02696 0.02223 0.03304 0.02426 0.03440 -0.02303 -0.02033 -0.02101 -0.02303 -0.02709 -0.02641 
0.03130 0.02778 0.03481 0.01162 0.03551 -0.02210 -0.02069 -0.02140 -0.02140 -0.02772 -0.02772 
0.02586 0.03014 0.02728 0.02515 0.03655 -0.02119 -0.02404 -0.02119 -0.02262 -0.02832 -0.02761 
0.02855 0.02428 0.03283 0.02428 0.03496 -0.02273 -0.02273 -0.02130 -0.02273 -0.02842 -0.02700 
0.02766 0.03066 0.03365 0.02016 0.03590 -0.02405 -0.02180 -0.02255 -0.02180 -0.02929 -0.02854 
0.02387 0.02981 0.03113 0.02453 0.03047 -0.02099 -0.02297 -0.02099 -0.02099 -0.02693 -0.02693 
0.02728 0.02929 0.03063 0.01991 0.03331 -0.02296 -0.02229 -0.02028 -0.02162 -0.02698 -0.02631 
0.02632 0.02897 0.03030 0.01968 0.03429 -0.02016 -0.02016 -0.02282 -0.02282 -0.02680 -0.02680 
0.02567 0.02816 0.02754 0.02193 0.03252 -0.02045 -0.02232 -0.01983 -0.02170 -0.02606 -0.02544 
0.02988 0.02195 0.03492 0.02267 0.03564 -0.02346 -0.02201 -0.02129 -0.02274 -0.02850 -0.02706 
0.02806 0.03217 0.02875 0.01917 0.03354 -0.01985 -0.02259 -0.02190 -0.02327 -0.02670 -0.02738 
0.02981 0.02523 0.02785 0.02393 0.03242 -0.02244 -0.02244 -0.01983 -0.02244 -0.02636 -0.02571 
0.03333 0.02971 0.02464 0.02174 0.03623 -0.02101 -0.02464 -0.02101 -0.02319 -0.02826 -0.02754 
0.02165 0.03511 0.02973 0.01762 0.03511 -0.02073 -0.02208 -0.02006 -0.02275 -0.02679 -0.02679 
0.02328 0.03501 0.02742 0.02604 0.03087 -0.02159 -0.02297 -0.02159 -0.02090 -0.02780 -0.02780 
0.02548 0.03019 0.03422 0.01876 0.03153 -0.02090 -0.02291 -0.02157 -0.02090 -0.02695 -0.02695 
0.02968 0.03165 0.02706 0.01591 0.03362 -0.02015 -0.02146 -0.02211 -0.02080 -0.02670 -0.02670 
0.03402 0.02491 0.03174 0.02112 0.03706 -0.02139 -0.02139 -0.02443 -0.02443 -0.02898 -0.02822 
0.02613 0.02829 0.03044 0.02182 0.03835 -0.02130 -0.02417 -0.02058 -0.02417 -0.02777 -0.02705 
0.03138 0.01957 0.02999 0.02444 0.03694 -0.02071 -0.02210 -0.02349 -0.02210 -0.02696 -0.02696 
0.02551 0.02886 0.03019 0.02082 0.03488 -0.02070 -0.02204 -0.02137 -0.02204 -0.02739 -0.02672 
0.02471 0.03144 0.03009 0.02000 0.03413 -0.02373 -0.02037 -0.02104 -0.02104 -0.02709 -0.02709 
0.02725 0.01962 0.02933 0.03002 0.03627 -0.02063 -0.02340 -0.02340 -0.02063 -0.02756 -0.02687 
0.02487 0.02932 0.02169 0.02932 0.03186 -0.02093 -0.02093 -0.02093 -0.02093 -0.02666 -0.02666 
0.02638 0.03105 0.02905 0.02238 0.03172 -0.02299 -0.02165 -0.02098 -0.02165 -0.02699 -0.02632 
0.02293 0.03510 0.02806 0.01589 0.03382 -0.01933 -0.02189 -0.02189 -0.02189 -0.02573 -0.02509 
0.02356 0.03367 0.03151 0.01634 0.03873 -0.02192 -0.02048 -0.02337 -0.02265 -0.02770 -0.02770 
0.03332 0.02551 0.03957 0.00519 0.04114 -0.02295 -0.02295 -0.02139 -0.02060 -0.02842 -0.02842 
0.02621 0.02226 0.03016 0.02884 0.03213 -0.02250 -0.02052 -0.02052 -0.02316 -0.02645 -0.02645 
0.03221 0.02174 0.03785 0.01611 0.04268 -0.02416 -0.02094 -0.02255 -0.02496 -0.02899 -0.02899 
0.02629 0.03144 0.03015 0.02049 0.02951 -0.02137 -0.02072 -0.02008 -0.02330 -0.02652 -0.02588 
0.03064 0.03135 0.02923 0.01795 0.03417 -0.02436 -0.02084 -0.02084 -0.02084 -0.02789 -0.02859 
0.02428 0.02579 0.03560 0.02579 0.03711 -0.02175 -0.02175 -0.02325 -0.02401 -0.02929 -0.02854 
0.02445 0.03180 0.02568 0.02200 0.03058 -0.02150 -0.02150 -0.01966 -0.02027 -0.02579 -0.02579 
0.02300 0.02979 0.02436 0.02979 0.03454 -0.02041 -0.02313 -0.02245 -0.02177 -0.02720 -0.02652 
0.02997 0.02796 0.02729 0.02393 0.03199 -0.02039 -0.02039 -0.02308 -0.02308 -0.02711 -0.02711 
0.02441 0.03107 0.03107 0.02107 0.03240 -0.02223 -0.02023 -0.02223 -0.02156 -0.02689 -0.02689 
0.02022 0.03070 0.03187 0.01789 0.02954 -0.02054 -0.02054 -0.01938 -0.02170 -0.02403 -0.02403 
0.03709 0.01627 0.03958 0.02043 0.03958 -0.02535 -0.02202 -0.02202 -0.02369 -0.03035 -0.02952 
0.02425 0.02816 0.03273 0.02034 0.03273 -0.02336 -0.02010 -0.02075 -0.02010 -0.02662 -0.02727 
0.02433 0.02804 0.02878 0.02804 0.03842 -0.02238 -0.02163 -0.02163 -0.02460 -0.02905 -0.02831 
0.02617 0.02264 0.03110 0.02546 0.03816 -0.02039 -0.02251 -0.02039 -0.02463 -0.02745 -0.02815 
0.02203 0.02965 0.03727 0.01822 0.04031 -0.02445 -0.02140 -0.02293 -0.02217 -0.02902 -0.02750 
0.03216 0.02475 0.02879 0.02340 0.03216 -0.02242 -0.02309 -0.02107 -0.02175 -0.02714 -0.02579 
0.02478 0.01417 0.02942 0.03407 0.03539 -0.02165 -0.02032 -0.02231 -0.02098 -0.02629 -0.02629 
0.02824 0.02686 0.03587 0.01715 0.03379 -0.02099 -0.02169 -0.02238 -0.02377 -0.02723 -0.02585 
0.02384 0.02521 0.03548 0.02521 0.03206 -0.02135 -0.02204 -0.02135 -0.02135 -0.02820 -0.02752 
0.03275 0.02775 0.02632 0.02060 0.03704 -0.02086 -0.02301 -0.02372 -0.02086 -0.02801 -0.02801 
0.02622 0.03715 0.03008 0.00824 0.03201 -0.02132 -0.02132 -0.01939 -0.02196 -0.02517 -0.02453 
0.02896 0.02597 0.03420 0.01625 0.04093 -0.02189 -0.02414 -0.02414 -0.02114 -0.02788 -0.02713 
0.03204 0.02680 0.03054 0.02231 0.03653 -0.02109 -0.02408 -0.02259 -0.02259 -0.02857 -0.02932 
0.03079 0.02864 0.03079 0.01861 0.03580 -0.02291 -0.02148 -0.02148 -0.02291 -0.02792 -0.02792 
0.02682 0.02422 0.03654 0.01644 0.03265 -0.02181 -0.01986 -0.02116 -0.02116 -0.02635 -0.02635 
