3.45 7.08 0 0.58767 3.14667 7.58333
1.76 7.24 0 1.42854 3.14667 7.58333
4.29 9.55 0 2.27486 3.14667 7.58333
3.35 6.65 0 0.955225 3.14667 7.58333
3.17 6.41 1 0.93482 2.98667 5.49333
3.68 5.99 1 0.852871 2.98667 5.49333
2.11 4.08 1 1.66315 2.98667 5.49333
2.58 7.1 0 0.744797 3.14667 7.58333
3.45 7.88 0 0.42429 3.14667 7.58333
6.17 5.4 2 1.11854 5.185 5.93
4.2 6.46 2 1.11854 5.185 5.93
5.87 3.87 3 0.778809 6.05889 3.11444
5.47 2.21 3 1.07926 6.05889 3.11444
5.97 3.62 3 0.51331 6.05889 3.11444
6.24 3.06 3 0.189118 6.05889 3.11444
6.89 2.41 3 1.08949 6.05889 3.11444
5.38 2.32 3 1.045 6.05889 3.11444
5.13 2.73 3 1.0053 6.05889 3.11444
7.26 4.19 3 1.61229 6.05889 3.11444
6.32 3.62 3 0.569004 6.05889 3.11444
