3.45 7.08 0 0.340899 3.204 6.844
1.76 7.24 0 1.49731 3.204 6.844
4.29 9.55 0 2.91579 3.204 6.844
3.35 6.65 0 0.2428 3.204 6.844
3.17 6.41 0 0.43533 3.204 6.844
3.68 5.99 0 0.977697 3.204 6.844
2.11 4.08 0 2.97263 3.204 6.844
2.58 7.1 0 0.674472 3.204 6.844
3.45 7.88 0 1.06481 3.204 6.844
6.17 5.4 1 2.05943 6.07 3.343
4.2 6.46 0 1.06746 3.204 6.844
5.87 3.87 1 0.563675 6.07 3.343
5.47 2.21 1 1.28206 6.07 3.343
5.97 3.62 1 0.294498 6.07 3.343
6.24 3.06 1 0.330135 6.07 3.343
6.89 2.41 1 1.24213 6.07 3.343
5.38 2.32 1 1.23395 6.07 3.343
5.13 2.73 1 1.12222 6.07 3.343
7.26 4.19 1 1.46065 6.07 3.343
6.32 3.62 1 0.373134 6.07 3.343
