3.45 7.08 0 0.143329 3.32556 7.15111
1.76 7.24 0 1.56808 3.32556 7.15111
4.29 9.55 0 2.5855 3.32556 7.15111
3.35 6.65 0 0.501707 3.32556 7.15111
3.17 6.41 0 0.75726 3.32556 7.15111
3.68 5.99 0 1.21401 3.32556 7.15111
2.11 4.08 1 0 2.11 4.08
2.58 7.1 0 0.747305 3.32556 7.15111
3.45 7.88 0 0.739436 3.32556 7.15111
6.17 5.4 2 2.05943 6.07 3.343
4.2 6.46 0 1.11458 3.32556 7.15111
5.87 3.87 2 0.563675 6.07 3.343
5.47 2.21 2 1.28206 6.07 3.343
5.97 3.62 2 0.294498 6.07 3.343
6.24 3.06 2 0.330135 6.07 3.343
6.89 2.41 2 1.24213 6.07 3.343
5.38 2.32 2 1.23395 6.07 3.343
5.13 2.73 2 1.12222 6.07 3.343
7.26 4.19 2 1.46065 6.07 3.343
6.32 3.62 2 0.373134 6.07 3.343
